# WORKING_DIRECTORY: /home/erje/boris/
# Ms:		1750.0
# H:		700.0
# gamma:	2800000.0
# alpha:	3.1e-16
# d:		5.1e-06
# L:		0.0013
# k_max:	1000.0
# n:		0.0
# phi:		90.0
# theta:	90.0
# frequency:	3.6
4983.150415242457	23646.743377441166
-4983.150415242457	23646.743377441166
-4983.150415242457	-23646.743377441166
4983.150415242457	-23646.743377441166
5024.414157450039	23638.010127629277
-5024.414157450039	23638.010127629277
-5024.414157450039	-23638.010127629277
5024.414157450039	-23638.010127629277
5065.6625944207435	23629.204872339127
-5065.6625944207435	23629.204872339127
-5065.6625944207435	-23629.204872339127
5065.6625944207435	-23629.204872339127
5106.895600504672	23620.327638393053
-5106.895600504672	23620.327638393053
-5106.895600504672	-23620.327638393053
5106.895600504672	-23620.327638393053
8430.165007298841	27746.94024489507
-8430.165007298841	27746.94024489507
-8430.165007298841	-27746.94024489507
8430.165007298841	-27746.94024489507
8478.579689302836	27732.184577782635
-8478.579689302836	27732.184577782635
-8478.579689302836	-27732.184577782635
8478.579689302836	-27732.184577782635
11460.362972529616	31832.382740851648
-11460.362972529616	31832.382740851648
-11460.362972529616	-31832.382740851648
11460.362972529616	-31832.382740851648
11515.903477954793	31812.33216079303
-11515.903477954793	31812.33216079303
-11515.903477954793	-31812.33216079303
11515.903477954793	-31812.33216079303
14359.21801777428	35900.60618697012
-14359.21801777428	35900.60618697012
-14359.21801777428	-35900.60618697012
14359.21801777428	-35900.60618697012
14421.854493771183	35875.48995671534
-14421.854493771183	35875.48995671534
-14421.854493771183	-35875.48995671534
14421.854493771183	-35875.48995671534
17205.824007862524	39951.476367834075
-17205.824007862524	39951.476367834075
-17205.824007862524	-39951.476367834075
17205.824007862524	-39951.476367834075
17275.526246864898	39921.38570557171
-17275.526246864898	39921.38570557171
-17275.526246864898	-39921.38570557171
17275.526246864898	-39921.38570557171
20043.03453264877	43980.42528672277
-20043.03453264877	43980.42528672277
-20043.03453264877	-43980.42528672277
20043.03453264877	-43980.42528672277
20119.764289166385	43945.376624012904
-20119.764289166385	43945.376624012904
-20119.764289166385	-43945.376624012904
20119.764289166385	-43945.376624012904
22888.300752677023	47986.32043703007
-22888.300752677023	47986.32043703007
-22888.300752677023	-47986.32043703007
22888.300752677023	-47986.32043703007
25788.232845322145	51950.05819757763
-25788.232845322145	51950.05819757763
-25788.232845322145	-51950.05819757763
25788.232845322145	-51950.05819757763
28622.730678901124	55933.72014195762
-28622.730678901124	55933.72014195762
-28622.730678901124	-55933.72014195762
28622.730678901124	-55933.72014195762
31453.57074306711	59910.223912114234
-31453.57074306711	59910.223912114234
-31453.57074306711	-59910.223912114234
31453.57074306711	-59910.223912114234
40084.85762963396	71723.40761049539
-40084.85762963396	71723.40761049539
-40084.85762963396	-71723.40761049539
40084.85762963396	-71723.40761049539
42971.930013086305	75644.27675632166
-42971.930013086305	75644.27675632166
-42971.930013086305	-75644.27675632166
42971.930013086305	-75644.27675632166
45915.584937081585	79528.12597026955
-45915.584937081585	79528.12597026955
-45915.584937081585	-79528.12597026955
45915.584937081585	-79528.12597026955
51818.88536203284	87272.94949545524
-51818.88536203284	87272.94949545524
-51818.88536203284	-87272.94949545524
51818.88536203284	-87272.94949545524
54764.42509852619	91143.3090541989
-54764.42509852619	91143.3090541989
-54764.42509852619	-91143.3090541989
54764.42509852619	-91143.3090541989
60780.93314880711	98797.99676929315
-60780.93314880711	98797.99676929315
-60780.93314880711	-98797.99676929315
60780.93314880711	-98797.99676929315
63851.46116303654	102581.66219082462
-63851.46116303654	102581.66219082462
-63851.46116303654	-102581.66219082462
63851.46116303654	-102581.66219082462
76133.15843984371	117683.94515177188
-76133.15843984371	117683.94515177188
-76133.15843984371	-117683.94515177188
76133.15843984371	-117683.94515177188
82478.42110585314	125085.09128753397
-82478.42110585314	125085.09128753397
-82478.42110585314	-125085.09128753397
82478.42110585314	-125085.09128753397
85589.20987872317	128822.1169641228
-85589.20987872317	128822.1169641228
-85589.20987872317	-128822.1169641228
85589.20987872317	-128822.1169641228
88727.06034313694	132538.90035283327
-88727.06034313694	132538.90035283327
-88727.06034313694	-132538.90035283327
88727.06034313694	-132538.90035283327
111440.95567820131	157977.62520172418
-111440.95567820131	157977.62520172418
-111440.95567820131	-157977.62520172418
111440.95567820131	-157977.62520172418
114791.51460181591	161527.35274877594
-114791.51460181591	161527.35274877594
-114791.51460181591	-161527.35274877594
114791.51460181591	-161527.35274877594
128147.18869267794	175733.65962200236
-128147.18869267794	175733.65962200236
-128147.18869267794	-175733.65962200236
128147.18869267794	-175733.65962200236
131621.1625443424	179180.50008966186
-131621.1625443424	179180.50008966186
-131621.1625443424	-179180.50008966186
131621.1625443424	-179180.50008966186
141865.4133611551	189635.41204784586
-141865.4133611551	189635.41204784586
-141865.4133611551	-189635.41204784586
141865.4133611551	-189635.41204784586
159244.13613064674	206782.72530202614
-159244.13613064674	206782.72530202614
-159244.13613064674	-206782.72530202614
159244.13613064674	-206782.72530202614
166262.61049696532	213573.72735838802
-166262.61049696532	213573.72735838802
-166262.61049696532	-213573.72735838802
166262.61049696532	-213573.72735838802
187767.85183173095	233536.10825865393
-187767.85183173095	233536.10825865393
-187767.85183173095	-233536.10825865393
187767.85183173095	-233536.10825865393
195084.45375241258	240051.36652652457
-195084.45375241258	240051.36652652457
-195084.45375241258	-240051.36652652457
195084.45375241258	-240051.36652652457
202474.2636012993	246496.20271842586
-202474.2636012993	246496.20271842586
-202474.2636012993	-246496.20271842586
202474.2636012993	-246496.20271842586
213471.55558177226	256216.5188893678
-213471.55558177226	256216.5188893678
-213471.55558177226	-256216.5188893678
213471.55558177226	-256216.5188893678
232280.44630254258	271965.45976975904
-232280.44630254258	271965.45976975904
-232280.44630254258	-271965.45976975904
232280.44630254258	-271965.45976975904
258897.4958837482	293661.5653598802
-258897.4958837482	293661.5653598802
-258897.4958837482	-293661.5653598802
258897.4958837482	-293661.5653598802
274361.4111663919	305780.7896582424
-274361.4111663919	305780.7896582424
-274361.4111663919	-305780.7896582424
274361.4111663919	-305780.7896582424
290055.5769456406	317651.3887802828
-290055.5769456406	317651.3887802828
-290055.5769456406	-317651.3887802828
290055.5769456406	-317651.3887802828
293874.8168883546	320708.08592043695
-293874.8168883546	320708.08592043695
-293874.8168883546	-320708.08592043695
293874.8168883546	-320708.08592043695
313729.14990721	335258.2803003302
-313729.14990721	335258.2803003302
-313729.14990721	-335258.2803003302
313729.14990721	-335258.2803003302
317622.37425551587	338233.47464928613
-317622.37425551587	338233.47464928613
-317622.37425551587	-338233.47464928613
317622.37425551587	-338233.47464928613
341839.0479216871	355223.3293185696
-341839.0479216871	355223.3293185696
-341839.0479216871	-355223.3293185696
341839.0479216871	-355223.3293185696
345815.94498312345	358102.8940221561
-345815.94498312345	358102.8940221561
-345815.94498312345	-358102.8940221561
345815.94498312345	-358102.8940221561
349803.9246901669	360969.6482243953
-349803.9246901669	360969.6482243953
-349803.9246901669	-360969.6482243953
349803.9246901669	-360969.6482243953
470127.46208041674	438400.9507976001
-470127.46208041674	438400.9507976001
-470127.46208041674	-438400.9507976001
470127.46208041674	-438400.9507976001
474432.44024946657	440869.82963526755
-474432.44024946657	440869.82963526755
-474432.44024946657	-440869.82963526755
474432.44024946657	-440869.82963526755
478747.4577317316	443325.0066951007
-478747.4577317316	443325.0066951007
-478747.4577317316	-443325.0066951007
478747.4577317316	-443325.0066951007
512816.8872530231	463365.61499624164
-512816.8872530231	463365.61499624164
-512816.8872530231	-463365.61499624164
512816.8872530231	-463365.61499624164
538526.5709758782	478126.2632567732
-538526.5709758782	478126.2632567732
-538526.5709758782	-478126.2632567732
538526.5709758782	-478126.2632567732
542980.1054526409	480388.217445202
-542980.1054526409	480388.217445202
-542980.1054526409	-480388.217445202
542980.1054526409	-480388.217445202
564531.2748872299	492472.0194461076
-564531.2748872299	492472.0194461076
-564531.2748872299	-492472.0194461076
564531.2748872299	-492472.0194461076
581736.9950717806	502141.90415803663
-581736.9950717806	502141.90415803663
-581736.9950717806	-502141.90415803663
581736.9950717806	-502141.90415803663
586276.7411772846	504277.5519732161
-586276.7411772846	504277.5519732161
-586276.7411772846	-504277.5519732161
586276.7411772846	-504277.5519732161
603631.8107555031	513730.93854053103
-603631.8107555031	513730.93854053103
-603631.8107555031	-513730.93854053103
603631.8107555031	-513730.93854053103
621101.5449560384	523016.0655815537
-621101.5449560384	523016.0655815537
-621101.5449560384	-523016.0655815537
621101.5449560384	-523016.0655815537
638684.6557821921	532131.9936241278
-638684.6557821921	532131.9936241278
-638684.6557821921	-532131.9936241278
638684.6557821921	-532131.9936241278
651710.4308071722	539141.7563044098
-651710.4308071722	539141.7563044098
-651710.4308071722	-539141.7563044098
651710.4308071722	-539141.7563044098
669484.9823220348	547967.1086929382
-669484.9823220348	547967.1086929382
-669484.9823220348	-547967.1086929382
669484.9823220348	-547967.1086929382
682646.0735598042	554771.4153584233
-682646.0735598042	554771.4153584233
-682646.0735598042	-554771.4153584233
682646.0735598042	-554771.4153584233
695862.6880791514	561490.4058428225
-695862.6880791514	561490.4058428225
-695862.6880791514	-561490.4058428225
695862.6880791514	-561490.4058428225
709134.3902376171	568123.7759088943
-709134.3902376171	568123.7759088943
-709134.3902376171	-568123.7759088943
709134.3902376171	-568123.7759088943
722460.7429469777	574671.2233225496
-722460.7429469777	574671.2233225496
-722460.7429469777	-574671.2233225496
722460.7429469777	-574671.2233225496
735841.3076819283	581132.4478592335
-735841.3076819283	581132.4478592335
-735841.3076819283	-581132.4478592335
735841.3076819283	-581132.4478592335
757917.1540025327	592149.778505057
-757917.1540025327	592149.778505057
-757917.1540025327	-592149.778505057
757917.1540025327	-592149.778505057
771436.5027376575	598387.4892493698
-771436.5027376575	598387.4892493698
-771436.5027376575	-598387.4892493698
771436.5027376575	-598387.4892493698
793731.317370604	609051.4610225578
-793731.317370604	609051.4610225578
-793731.317370604	-609051.4610225578
793731.317370604	-609051.4610225578
802472.2636579756	613536.3730660082
-802472.2636579756	613536.3730660082
-802472.2636579756	-613536.3730660082
802472.2636579756	-613536.3730660082
816158.4280489393	619497.9648848124
-816158.4280489393	619497.9648848124
-816158.4280489393	-619497.9648848124
816158.4280489393	-619497.9648848124
824948.2086824387	623903.4300582677
-824948.2086824387	623903.4300582677
-824948.2086824387	-623903.4300582677
824948.2086824387	-623903.4300582677
856409.8410863564	638348.222255198
-856409.8410863564	638348.222255198
-856409.8410863564	-638348.222255198
856409.8410863564	-638348.222255198
865283.0500587112	642615.9049518803
-865283.0500587112	642615.9049518803
-865283.0500587112	-642615.9049518803
865283.0500587112	-642615.9049518803
914976.6646167468	664769.4589765645
-914976.6646167468	664769.4589765645
-914976.6646167468	-664769.4589765645
914976.6646167468	-664769.4589765645
923965.7300729471	668839.6443271881
-923965.7300729471	668839.6443271881
-923965.7300729471	-668839.6443271881
923965.7300729471	-668839.6443271881
932971.7664744391	672880.4596729091
-932971.7664744391	672880.4596729091
-932971.7664744391	-672880.4596729091
932971.7664744391	-672880.4596729091
941994.6986527707	676891.8582141296
-941994.6986527707	676891.8582141296
-941994.6986527707	-676891.8582141296
941994.6986527707	-676891.8582141296
951034.4513278987	680873.7933242256
-951034.4513278987	680873.7933242256
-951034.4513278987	-680873.7933242256
951034.4513278987	-680873.7933242256
960090.9491085613	684826.2185497934
-960090.9491085613	684826.2185497934
-960090.9491085613	-684826.2185497934
960090.9491085613	-684826.2185497934
969164.1164926557	688749.0876108956
-969164.1164926557	688749.0876108956
-969164.1164926557	-688749.0876108956
969164.1164926557	-688749.0876108956
1018741.3211919124	710683.7893986531
-1018741.3211919124	710683.7893986531
-1018741.3211919124	-710683.7893986531
1018741.3211919124	-710683.7893986531
1027917.7348232584	714421.4366911243
-1027917.7348232584	714421.4366911243
-1027917.7348232584	-714421.4366911243
1027917.7348232584	-714421.4366911243
1037110.2743817541	718129.2003346209
-1037110.2743817541	718129.2003346209
-1037110.2743817541	-718129.2003346209
1037110.2743817541	-718129.2003346209
1059526.6083513298	728192.4630516178
-1059526.6083513298	728192.4630516178
-1059526.6083513298	-728192.4630516178
1059526.6083513298	-728192.4630516178
1068771.8388068557	731803.351145775
-1068771.8388068557	731803.351145775
-1068771.8388068557	-731803.351145775
1068771.8388068557	-731803.351145775
1091307.107548472	741651.5444373797
-1091307.107548472	741651.5444373797
-1091307.107548472	-741651.5444373797
1091307.107548472	-741651.5444373797
1100604.2655296337	745165.1081920897
-1100604.2655296337	745165.1081920897
-1100604.2655296337	-745165.1081920897
1100604.2655296337	-745165.1081920897
1123256.8295824113	754797.2651460696
-1123256.8295824113	754797.2651460696
-1123256.8295824113	-754797.2651460696
1123256.8295824113	-754797.2651460696
1132605.1484696658	758213.0611140792
-1132605.1484696658	758213.0611140792
-1132605.1484696658	-758213.0611140792
1132605.1484696658	-758213.0611140792
1145989.8047531198	764280.1930606505
-1145989.8047531198	764280.1930606505
-1145989.8047531198	-764280.1930606505
1145989.8047531198	-764280.1930606505
1155373.3615219763	767628.2260997983
-1155373.3615219763	767628.2260997983
-1155373.3615219763	-767628.2260997983
1155373.3615219763	-767628.2260997983
1168802.4246712017	773613.4487803836
-1168802.4246712017	773613.4487803836
-1168802.4246712017	-773613.4487803836
1168802.4246712017	-773613.4487803836
1191693.9208550677	782796.5926837671
-1191693.9208550677	782796.5926837671
-1191693.9208550677	-782796.5926837671
1191693.9208550677	-782796.5926837671
1205191.1396072872	788654.9829068343
-1205191.1396072872	788654.9829068343
-1205191.1396072872	-788654.9829068343
1205191.1396072872	-788654.9829068343
1214663.5227274338	791829.1886925739
-1214663.5227274338	791829.1886925739
-1214663.5227274338	-791829.1886925739
1214663.5227274338	-791829.1886925739
1228204.1113798693	797605.075926488
-1228204.1113798693	797605.075926488
-1228204.1113798693	-797605.075926488
1228204.1113798693	-797605.075926488
1241768.5247049034	803336.0856066268
-1241768.5247049034	803336.0856066268
-1241768.5247049034	-803336.0856066268
1241768.5247049034	-803336.0856066268
1264901.1571354286	812052.1105192626
-1264901.1571354286	812052.1105192626
-1264901.1571354286	-812052.1105192626
1264901.1571354286	-812052.1105192626
1278531.8001402228	817655.1981630141
-1278531.8001402228	817655.1981630141
-1278531.8001402228	-817655.1981630141
1278531.8001402228	-817655.1981630141
1292185.817499072	823213.1557658777
-1292185.817499072	823213.1557658777
-1292185.817499072	-823213.1557658777
1292185.817499072	-823213.1557658777
1305863.0931583217	828725.9188689624
-1305863.0931583217	828725.9188689624
-1305863.0931583217	-828725.9188689624
1305863.0931583217	-828725.9188689624
1319563.5109106286	834193.4232810809
-1319563.5109106286	834193.4232810809
-1319563.5109106286	-834193.4232810809
1319563.5109106286	-834193.4232810809
1333286.954395543	839615.605079086
-1333286.954395543	839615.605079086
-1333286.954395543	-839615.605079086
1333286.954395543	-839615.605079086
1347033.3071000902	844992.4006082123
-1347033.3071000902	844992.4006082123
-1347033.3071000902	-844992.4006082123
1347033.3071000902	-844992.4006082123
1360802.4523593513	850323.7464824117
-1360802.4523593513	850323.7464824117
-1360802.4523593513	-850323.7464824117
1360802.4523593513	-850323.7464824117
1374594.2733570496	855609.5795846896
-1374594.2733570496	855609.5795846896
-1374594.2733570496	-855609.5795846896
1374594.2733570496	-855609.5795846896
1388408.6531261322	860849.8370674426
-1388408.6531261322	860849.8370674426
-1388408.6531261322	-860849.8370674426
1388408.6531261322	-860849.8370674426
1402245.4745493548	866044.4563527884
-1402245.4745493548	866044.4563527884
-1402245.4745493548	-866044.4563527884
1402245.4745493548	-866044.4563527884
1420221.203558589	873725.9140141028
-1420221.203558589	873725.9140141028
-1420221.203558589	-873725.9140141028
1420221.203558589	-873725.9140141028
1434106.9701825578	878821.8816048414
-1434106.9701825578	878821.8816048414
-1434106.9701825578	-878821.8816048414
1434106.9701825578	-878821.8816048414
1448014.8136603748	883872.0171935341
-1448014.8136603748	883872.0171935341
-1448014.8136603748	-883872.0171935341
1448014.8136603748	-883872.0171935341
1466074.4033180857	891387.2091914723
-1466074.4033180857	891387.2091914723
-1466074.4033180857	-891387.2091914723
1466074.4033180857	-891387.2091914723
1480030.4233217523	896338.2849673271
-1480030.4233217523	896338.2849673271
-1480030.4233217523	-896338.2849673271
1480030.4233217523	-896338.2849673271
1494008.1539681568	901243.3375075723
-1494008.1539681568	901243.3375075723
-1494008.1539681568	-901243.3375075723
1494008.1539681568	-901243.3375075723
1498146.680710451	903739.8564480365
-1498146.680710451	903739.8564480365
-1498146.680710451	-903739.8564480365
1498146.680710451	-903739.8564480365
1512150.3547628457	908591.5982255483
-1512150.3547628457	908591.5982255483
-1512150.3547628457	-908591.5982255483
1512150.3547628457	-908591.5982255483
1530322.7063415153	915879.2457604336
-1530322.7063415153	915879.2457604336
-1530322.7063415153	-915879.2457604336
1530322.7063415153	-915879.2457604336
1544373.5106405094	920631.3817959547
-1544373.5106405094	920631.3817959547
-1544373.5106405094	-920631.3817959547
1544373.5106405094	-920631.3817959547
1562601.3814424365	927804.80457735
-1562601.3814424365	927804.80457735
-1562601.3814424365	-927804.80457735
1562601.3814424365	-927804.80457735
1580858.945992614	934917.3744551378
-1580858.945992614	934917.3744551378
-1580858.945992614	-934917.3744551378
1580858.945992614	-934917.3744551378
1594981.6045156678	939515.9654224085
-1594981.6045156678	939515.9654224085
-1594981.6045156678	-939515.9654224085
1594981.6045156678	-939515.9654224085
1613293.8105115213	946513.8567796414
-1613293.8105115213	946513.8567796414
-1613293.8105115213	-946513.8567796414
1613293.8105115213	-946513.8567796414
1631635.2515399756	953450.6586393205
-1631635.2515399756	953450.6586393205
-1631635.2515399756	-953450.6586393205
1631635.2515399756	-953450.6586393205
1650005.7700887849	960326.2903574728
-1650005.7700887849	960326.2903574728
-1650005.7700887849	-960326.2903574728
1650005.7700887849	-960326.2903574728
1668405.2084534129	967140.6716539457
-1668405.2084534129	967140.6716539457
-1668405.2084534129	-967140.6716539457
1668405.2084534129	-967140.6716539457
1686833.4087378224	973893.722612836
-1686833.4087378224	973893.722612836
-1686833.4087378224	-973893.722612836
1686833.4087378224	-973893.722612836
1705290.212855269	980585.363682911
-1705290.212855269	980585.363682911
-1705290.212855269	-980585.363682911
1705290.212855269	-980585.363682911
1709480.1150981565	982994.6643307805
-1709480.1150981565	982994.6643307805
-1709480.1150981565	-982994.6643307805
1709480.1150981565	-982994.6643307805
1723775.4625290893	987215.5156780321
-1723775.4625290893	987215.5156780321
-1723775.4625290893	-987215.5156780321
1723775.4625290893	-987215.5156780321
1727969.563411155	989617.4999010928
-1727969.563411155	989617.4999010928
-1727969.563411155	-989617.4999010928
1727969.563411155	-989617.4999010928
1746487.286038783	996178.7602589651
-1746487.286038783	996178.7602589651
-1746487.286038783	-996178.7602589651
1746487.286038783	-996178.7602589651
1765033.1243141724	1002678.366972014
-1765033.1243141724	1002678.366972014
-1765033.1243141724	-1002678.366972014
1765033.1243141724	-1002678.366972014
1769235.5841339678	1005065.6964171852
-1769235.5841339678	1005065.6964171852
-1769235.5841339678	-1005065.6964171852
1769235.5841339678	-1005065.6964171852
1787813.5394758442	1011496.2331109588
-1787813.5394758442	1011496.2331109588
-1787813.5394758442	-1011496.2331109588
1787813.5394758442	-1011496.2331109588
1806419.279755961	1017864.9531448073
-1806419.279755961	1017864.9531448073
-1806419.279755961	-1017864.9531448073
1806419.279755961	-1017864.9531448073
1810630.0473078394	1020237.5987232333
-1810630.0473078394	1020237.5987232333
-1810630.0473078394	-1020237.5987232333
1810630.0473078394	-1020237.5987232333
1829267.5479188606	1026537.0720017116
-1829267.5479188606	1026537.0720017116
-1829267.5479188606	-1026537.0720017116
1829267.5479188606	-1026537.0720017116
1847932.5019645279	1032774.5671635106
-1847932.5019645279	1032774.5671635106
-1847932.5019645279	-1032774.5671635106
1847932.5019645279	-1032774.5671635106
1852151.5259416157	1035132.4999652536
-1852151.5259416157	1035132.4999652536
-1852151.5259416157	-1035132.4999652536
1852151.5259416157	-1035132.4999652536
1870847.8827414995	1041300.5732852634
-1870847.8827414995	1041300.5732852634
-1870847.8827414995	-1041300.5732852634
1870847.8827414995	-1041300.5732852634
1875071.0156596517	1043651.1389134468
-1875071.0156596517	1043651.1389134468
-1875071.0156596517	-1043651.1389134468
1875071.0156596517	-1043651.1389134468
1893798.589680037	1049749.699888133
-1893798.589680037	1049749.699888133
-1893798.589680037	-1049749.699888133
1893798.589680037	-1049749.699888133
1898025.8186748587	1052092.8911825265
-1898025.8186748587	1052092.8911825265
-1898025.8186748587	-1052092.8911825265
1898025.8186748587	-1052092.8911825265
1916784.4241619674	1058121.8497446259
-1916784.4241619674	1058121.8497446259
-1916784.4241619674	-1058121.8497446259
1916784.4241619674	-1058121.8497446259
1939805.1873375354	1066416.9260864782
-1939805.1873375354	1066416.9260864782
-1939805.1873375354	-1066416.9260864782
1939805.1873375354	-1066416.9260864782
1944040.5698426396	1068745.347322475
-1944040.5698426396	1068745.347322475
-1944040.5698426396	-1068745.347322475
1944040.5698426396	-1068745.347322475
1962860.6801264025	1074634.8326051643
-1962860.6801264025	1074634.8326051643
-1962860.6801264025	-1074634.8326051643
1962860.6801264025	-1074634.8326051643
1967100.1200402828	1076955.8581615472
-1967100.1200402828	1076955.8581615472
-1967100.1200402828	-1076955.8581615472
1967100.1200402828	-1076955.8581615472
1985950.7032186452	1082775.473452411
-1985950.7032186452	1082775.473452411
-1985950.7032186452	-1082775.473452411
1985950.7032186452	-1082775.473452411
1990194.187627232	1085089.096258933
-1990194.187627232	1085089.096258933
-1990194.187627232	-1085089.096258933
1990194.187627232	-1085089.096258933
2009075.0570757547	1090838.7532406994
-2009075.0570757547	1090838.7532406994
-2009075.0570757547	-1090838.7532406994
2009075.0570757547	-1090838.7532406994
2013322.5730526592	1093144.966249665
-2013322.5730526592	1093144.966249665
-2013322.5730526592	-1093144.966249665
2013322.5730526592	-1093144.966249665
2036485.0765381933	1101123.3732300603
-2036485.0765381933	1101123.3732300603
-2036485.0765381933	-1101123.3732300603
2036485.0765381933	-1101123.3732300603
2040736.611144744	1103422.169416344
-2040736.611144744	1103422.169416344
-2040736.611144744	-1103422.169416344
2040736.611144744	-1103422.169416344
2059681.4980789202	1109024.222758225
-2059681.4980789202	1109024.222758225
-2059681.4980789202	-1109024.222758225
2059681.4980789202	-1109024.222758225
2063937.0383642071	1111315.5951192956
-2063937.0383642071	1111315.5951192956
-2063937.0383642071	-1111315.5951192956
2063937.0383642071	-1111315.5951192956
2087171.1704452997	1119131.362410493
-2087171.1704452997	1119131.362410493
-2087171.1704452997	-1119131.362410493
2087171.1704452997	-1119131.362410493
2091430.7034462087	1121415.3039664328
-2091430.7034462087	1121415.3039664328
-2091430.7034462087	-1121415.3039664328
2091430.7034462087	-1121415.3039664328
2114702.3196621314	1129145.8815892828
-2114702.3196621314	1129145.8815892828
-2114702.3196621314	-1129145.8815892828
2114702.3196621314	-1129145.8815892828
2118965.8324033855	1131422.3853828094
-2118965.8324033855	1131422.3853828094
-2118965.8324033855	-1131422.3853828094
2118965.8324033855	-1131422.3853828094
2142274.7060887064	1139067.666437188
-2142274.7060887064	1139067.666437188
-2142274.7060887064	-1139067.666437188
2142274.7060887064	-1139067.666437188
2146542.1855829065	1141336.725533676
-2146542.1855829065	1141336.725533676
-2146542.1855829065	-1141336.725533676
2146542.1855829065	-1141336.725533676
2169888.089813464	1148896.6036512924
-2169888.089813464	1148896.6036512924
-2169888.089813464	-1148896.6036512924
2169888.089813464	-1148896.6036512924
2174159.523061128	1151158.211138795
-2174159.523061128	1151158.211138795
-2174159.523061128	-1151158.211138795
2174159.523061128	-1151158.211138795
2197542.230655193	1158632.5804837737
-2197542.230655193	1158632.5804837737
-2197542.230655193	-1158632.5804837737
2197542.230655193	-1158632.5804837737
2201817.6046447945	1160886.7294730418
-2201817.6046447945	1160886.7294730418
-2201817.6046447945	-1160886.7294730418
2201817.6046447945	-1160886.7294730418
2225236.8881642427	1168275.4847424924
-2225236.8881642427	1168275.4847424924
-2225236.8881642427	-1168275.4847424924
2225236.8881642427	-1168275.4847424924
2229516.1898722514	1170522.1683669973
-2229516.1898722514	1170522.1683669973
-2229516.1898722514	-1170522.1683669973
2229516.1898722514	-1170522.1683669973
2252971.8216237295	1177825.2047915908
-2252971.8216237295	1177825.2047915908
-2252971.8216237295	-1177825.2047915908
2252971.8216237295	-1177825.2047915908
2257255.038014649	1180064.4162075445
-2257255.038014649	1180064.4162075445
-2257255.038014649	-1180064.4162075445
2257255.038014649	-1180064.4162075445
2261538.254405569	1182303.6276234982
-2261538.254405569	1182303.6276234982
-2261538.254405569	-1182303.6276234982
2261538.254405569	-1182303.6276234982
2285033.9080771552	1189513.3619384547
-2285033.9080771552	1189513.3619384547
-2285033.9080771552	-1189513.3619384547
2285033.9080771552	-1189513.3619384547
2289321.026103567	1191745.094324831
-2289321.026103567	1191745.094324831
-2289321.026103567	-1191745.094324831
2289321.026103567	-1191745.094324831
2317143.565402763	1201093.1416195359
-2317143.565402763	1201093.1416195359
-2317143.565402763	-1201093.1416195359
2317143.565402763	-1201093.1416195359
2321434.5720053613	1203317.3881780906
-2321434.5720053613	1203317.3881780906
-2321434.5720053613	-1203317.3881780906
2321434.5720053613	-1203317.3881780906
2349300.5128757805	1212564.413545023
-2349300.5128757805	1212564.413545023
-2349300.5128757805	-1212564.413545023
2349300.5128757805	-1212564.413545023
2353595.394983415	1214781.1675003157
-2353595.394983415	1214781.1675003157
-2353595.394983415	-1214781.1675003157
2353595.394983415	-1214781.1675003157
2381504.4694618266	1223927.0480750296
-2381504.4694618266	1223927.0480750296
-2381504.4694618266	-1223927.0480750296
2381504.4694618266	-1223927.0480750296
2385803.2139915414	1226136.3026744432
-2385803.2139915414	1226136.3026744432
-2385803.2139915414	-1226136.3026744432
2385803.2139915414	-1226136.3026744432
2413755.153818325	1235180.9162202715
-2413755.153818325	1235180.9162202715
-2413755.153818325	-1235180.9162202715
2413755.153818325	-1235180.9162202715
2418057.747675399	1237382.6647340332
-2418057.747675399	1237382.6647340332
-2418057.747675399	-1237382.6647340332
2418057.747675399	-1237382.6647340332
2446052.2842959194	1246325.889642753
-2446052.2842959194	1246325.889642753
-2446052.2842959194	-1246325.889642753
2446052.2842959194	-1246325.889642753
2450358.714373905	1248520.1253639548
-2450358.714373905	1248520.1253639548
-2450358.714373905	-1248520.1253639548
2450358.714373905	-1248520.1253639548
2454665.144451891	1250714.361085157
-2454665.144451891	1250714.361085157
-2454665.144451891	-1250714.361085157
2454665.144451891	-1250714.361085157
2482705.832120654	1259548.5569010584
-2482705.832120654	1259548.5569010584
-2482705.832120654	-1259548.5569010584
2482705.832120654	-1259548.5569010584
2487016.0853014197	1261735.2731456785
-2487016.0853014197	1261735.2731456785
-2487016.0853014197	-1261735.2731456785
2487016.0853014197	-1261735.2731456785
2491326.338482185	1263921.9893902985
-2491326.338482185	1263921.9893902985
-2491326.338482185	-1263921.9893902985
2491326.338482185	-1263921.9893902985
2519412.8817991014	1272647.0224417732
-2519412.8817991014	1272647.0224417732
-2519412.8817991014	-1272647.0224417732
2519412.8817991014	-1272647.0224417732
2523726.9449528675	1274826.212548694
-2523726.9449528675	1274826.212548694
-2523726.9449528675	-1274826.212548694
2523726.9449528675	-1274826.212548694
2556173.1113459147	1285621.139970237
-2556173.1113459147	1285621.139970237
-2556173.1113459147	-1285621.139970237
2556173.1113459147	-1285621.139970237
2560490.9713312965	1287792.7973012677
-2560490.9713312965	1287792.7973012677
-2560490.9713312965	-1287792.7973012677
2560490.9713312965	-1287792.7973012677
2564808.8313166783	1289964.4546322986
-2564808.8313166783	1289964.4546322986
-2564808.8313166783	-1289964.4546322986
2564808.8313166783	-1289964.4546322986
2592986.1984283817	1298470.76393755
-2592986.1984283817	1298470.76393755
-2592986.1984283817	-1298470.76393755
2592986.1984283817	-1298470.76393755
2597307.8420924293	1300634.881877446
-2597307.8420924293	1300634.881877446
-2597307.8420924293	-1300634.881877446
2597307.8420924293	-1300634.881877446
2601629.4857564764	1302798.999817342
-2601629.4857564764	1302798.999817342
-2601629.4857564764	-1302798.999817342
2601629.4857564764	-1302798.999817342
2629851.8203680427	1311195.7495413434
-2629851.8203680427	1311195.7495413434
-2629851.8203680427	-1311195.7495413434
2629851.8203680427	-1311195.7495413434
2634177.2345462795	1313352.321497826
-2634177.2345462795	1313352.321497826
-2634177.2345462795	-1313352.321497826
2634177.2345462795	-1313352.321497826
2638502.648724517	1315508.8934543084
-2638502.648724517	1315508.8934543084
-2638502.648724517	-1315508.8934543084
2638502.648724517	-1315508.8934543084
2642828.0629027537	1317665.4654107909
-2642828.0629027537	1317665.4654107909
-2642828.0629027537	-1317665.4654107909
2642828.0629027537	-1317665.4654107909
2671098.8256587833	1325944.9721303135
-2671098.8256587833	1325944.9721303135
-2671098.8256587833	-1325944.9721303135
2671098.8256587833	-1325944.9721303135
2675427.9971752483	1328093.9915340906
-2675427.9971752483	1328093.9915340906
-2675427.9971752483	-1328093.9915340906
2675427.9971752483	-1328093.9915340906
2679757.168691713	1330243.0109378675
-2679757.168691713	1330243.0109378675
-2679757.168691713	-1330243.0109378675
2679757.168691713	-1330243.0109378675
2712405.2077207025	1340554.1507956744
-2712405.2077207025	1340554.1507956744
-2712405.2077207025	-1340554.1507956744
2712405.2077207025	-1340554.1507956744
2716738.123387988	1342695.6111004602
-2716738.123387988	1342695.6111004602
-2716738.123387988	-1342695.6111004602
2716738.123387988	-1342695.6111004602
2721071.039055274	1344837.0714052455
-2721071.039055274	1344837.0714052455
-2721071.039055274	-1344837.0714052455
2721071.039055274	-1344837.0714052455
2725403.954722559	1346978.5317100307
-2725403.954722559	1346978.5317100307
-2725403.954722559	-1346978.5317100307
2725403.954722559	-1346978.5317100307
2758107.2498707147	1357157.01809196
-2758107.2498707147	1357157.01809196
-2758107.2498707147	-1357157.01809196
2758107.2498707147	-1357157.01809196
2762443.896490008	1359290.9127744946
-2762443.896490008	1359290.9127744946
-2762443.896490008	-1359290.9127744946
2762443.896490008	-1359290.9127744946
2766780.5431093024	1361424.8074570291
-2766780.5431093024	1361424.8074570291
-2766780.5431093024	-1361424.8074570291
2766780.5431093024	-1361424.8074570291
2799535.0129249813	1371478.0512453837
-2799535.0129249813	1371478.0512453837
-2799535.0129249813	-1371478.0512453837
2799535.0129249813	-1371478.0512453837
2803875.377286105	1373604.373805454
-2803875.377286105	1373604.373805454
-2803875.377286105	-1373604.373805454
2803875.377286105	-1373604.373805454
2808215.7416472295	1375730.6963655245
-2808215.7416472295	1375730.6963655245
-2808215.7416472295	-1375730.6963655245
2808215.7416472295	-1375730.6963655245
2812556.106008353	1377857.0189255949
-2812556.106008353	1377857.0189255949
-2812556.106008353	-1377857.0189255949
2812556.106008353	-1377857.0189255949
2845365.117350967	1387777.2941005933
-2845365.117350967	1387777.2941005933
-2845365.117350967	-1387777.2941005933
2845365.117350967	-1387777.2941005933
2849709.1862324183	1389896.0380610519
-2849709.1862324183	1389896.0380610519
-2849709.1862324183	-1389896.0380610519
2849709.1862324183	-1389896.0380610519
2854053.255113871	1392014.7820215113
-2854053.255113871	1392014.7820215113
-2854053.255113871	-1392014.7820215113
2854053.255113871	-1392014.7820215113
2858397.323995323	1394133.5259819701
-2858397.323995323	1394133.5259819701
-2858397.323995323	-1394133.5259819701
2858397.323995323	-1394133.5259819701
2895608.272549026	1406031.8319194317
-2895608.272549026	1406031.8319194317
-2895608.272549026	-1406031.8319194317
2895608.272549026	-1406031.8319194317
2899956.0327180186	1408142.9908262175
-2899956.0327180186	1408142.9908262175
-2899956.0327180186	-1408142.9908262175
2899956.0327180186	-1408142.9908262175
2904303.7928870115	1410254.1497330035
-2904303.7928870115	1410254.1497330035
-2904303.7928870115	-1410254.1497330035
2904303.7928870115	-1410254.1497330035
2908651.553056004	1412365.3086397895
-2908651.553056004	1412365.3086397895
-2908651.553056004	-1412365.3086397895
2908651.553056004	-1412365.3086397895
2941572.2316511646	1422011.57737799
-2941572.2316511646	1422011.57737799
-2941572.2316511646	-1422011.57737799
2941572.2316511646	-1422011.57737799
2945923.669863666	1424115.1448001466
-2945923.669863666	1424115.1448001466
-2945923.669863666	-1424115.1448001466
2945923.669863666	-1424115.1448001466
2950275.1080761678	1426218.7122223035
-2950275.1080761678	1426218.7122223035
-2950275.1080761678	-1426218.7122223035
2950275.1080761678	-1426218.7122223035
2954626.5462886696	1428322.2796444604
-2954626.5462886696	1428322.2796444604
-2954626.5462886696	-1428322.2796444604
2954626.5462886696	-1428322.2796444604
2996310.8645335245	1442027.0364311694
-2996310.8645335245	1442027.0364311694
-2996310.8645335245	-1442027.0364311694
2996310.8645335245	-1442027.0364311694
3000665.9675342995	1444123.0059608656
-3000665.9675342995	1444123.0059608656
-3000665.9675342995	-1444123.0059608656
3000665.9675342995	-1444123.0059608656
3005021.070535076	1446218.9754905624
-3005021.070535076	1446218.9754905624
-3005021.070535076	-1446218.9754905624
3005021.070535076	-1446218.9754905624
3009376.1735358513	1448314.945020259
-3009376.1735358513	1448314.945020259
-3009376.1735358513	-1448314.945020259
3009376.1735358513	-1448314.945020259
3046769.411332488	1459767.3115320762
-3046769.411332488	1459767.3115320762
-3046769.411332488	-1459767.3115320762
3046769.411332488	-1459767.3115320762
3051128.165855138	1461855.6767846255
-3051128.165855138	1461855.6767846255
-3051128.165855138	-1461855.6767846255
3051128.165855138	-1461855.6767846255
3055486.920377789	1463944.0420371753
-3055486.920377789	1463944.0420371753
-3055486.920377789	-1463944.0420371753
3055486.920377789	-1463944.0420371753
3059845.674900439	1466032.4072897246
-3059845.674900439	1466032.4072897246
-3059845.674900439	-1466032.4072897246
3059845.674900439	-1466032.4072897246
3064204.429423089	1468120.772542274
-3064204.429423089	1468120.772542274
-3064204.429423089	-1468120.772542274
3064204.429423089	-1468120.772542274
3106023.6501059458	1481497.285082368
-3106023.6501059458	1481497.285082368
-3106023.6501059458	-1481497.285082368
3106023.6501059458	-1481497.285082368
3110386.0428729486	1483578.0396962475
-3110386.0428729486	1483578.0396962475
-3110386.0428729486	-1483578.0396962475
3110386.0428729486	-1483578.0396962475
3114748.4356399514	1485658.7943101274
-3114748.4356399514	1485658.7943101274
-3114748.4356399514	-1485658.7943101274
3114748.4356399514	-1485658.7943101274
3119110.828406954	1487739.5489240072
-3119110.828406954	1487739.5489240072
-3119110.828406954	-1487739.5489240072
3119110.828406954	-1487739.5489240072
3160996.831271257	1500951.6490943045
-3160996.831271257	1500951.6490943045
-3160996.831271257	-1500951.6490943045
3160996.831271257	-1500951.6490943045
3165362.848994007	1503024.786731175
-3165362.848994007	1503024.786731175
-3165362.848994007	-1503024.786731175
3165362.848994007	-1503024.786731175
3169728.8667167574	1505097.9243680458
-3169728.8667167574	1505097.9243680458
-3169728.8667167574	-1505097.9243680458
3169728.8667167574	-1505097.9243680458
3174094.884439508	1507171.0620049164
-3174094.884439508	1507171.0620049164
-3174094.884439508	-1507171.0620049164
3174094.884439508	-1507171.0620049164
3178460.902162258	1509244.1996417867
-3178460.902162258	1509244.1996417867
-3178460.902162258	-1509244.1996417867
3178460.902162258	-1509244.1996417867
3224786.481591902	1524349.5864068053
-3224786.481591902	1524349.5864068053
-3224786.481591902	-1524349.5864068053
3224786.481591902	-1524349.5864068053
3229156.110970753	1526415.10075153
-3229156.110970753	1526415.10075153
-3229156.110970753	-1526415.10075153
3229156.110970753	-1526415.10075153
3233525.740349604	1528480.6150962545
-3233525.740349604	1528480.6150962545
-3233525.740349604	-1528480.6150962545
3233525.740349604	-1528480.6150962545
3237895.369728455	1530546.1294409793
-3237895.369728455	1530546.1294409793
-3237895.369728455	-1530546.1294409793
3237895.369728455	-1530546.1294409793
3242264.9991073054	1532611.643785704
-3242264.9991073054	1532611.643785704
-3242264.9991073054	-1532611.643785704
3242264.9991073054	-1532611.643785704
3288667.2486753976	1547529.3400192112
-3288667.2486753976	1547529.3400192112
-3288667.2486753976	-1547529.3400192112
3288667.2486753976	-1547529.3400192112
3293040.4763996997	1549587.224779875
-3293040.4763996997	1549587.224779875
-3293040.4763996997	-1549587.224779875
3293040.4763996997	-1549587.224779875
3297413.7041240023	1551645.1095405386
-3297413.7041240023	1551645.1095405386
-3297413.7041240023	-1551645.1095405386
3297413.7041240023	-1551645.1095405386
3301786.9318483043	1553702.9943012025
-3301786.9318483043	1553702.9943012025
-3301786.9318483043	-1553702.9943012025
3301786.9318483043	-1553702.9943012025
3306160.159572607	1555760.8790618666
-3306160.159572607	1555760.8790618666
-3306160.159572607	-1555760.8790618666
3306160.159572607	-1555760.8790618666
3310533.3872969095	1557818.7638225304
-3310533.3872969095	1557818.7638225304
-3310533.3872969095	-1557818.7638225304
3310533.3872969095	-1557818.7638225304
3357015.3778263633	1572540.9123816602
-3357015.3778263633	1572540.9123816602
-3357015.3778263633	-1572540.9123816602
3357015.3778263633	-1572540.9123816602
3361392.1905745068	1574591.161289589
-3361392.1905745068	1574591.161289589
-3361392.1905745068	-1574591.161289589
3361392.1905745068	-1574591.161289589
3365769.00332265	1576641.4101975183
-3365769.00332265	1576641.4101975183
-3365769.00332265	-1576641.4101975183
3365769.00332265	-1576641.4101975183
3370145.816070795	1578691.6591054478
-3370145.816070795	1578691.6591054478
-3370145.816070795	-1578691.6591054478
3370145.816070795	-1578691.6591054478
3374522.6288189385	1580741.9080133766
-3374522.6288189385	1580741.9080133766
-3374522.6288189385	-1580741.9080133766
3374522.6288189385	-1580741.9080133766
3378899.4415670824	1582792.1569213057
-3378899.4415670824	1582792.1569213057
-3378899.4415670824	-1582792.1569213057
3378899.4415670824	-1582792.1569213057
3429841.016093039	1599361.132058306
-3429841.016093039	1599361.132058306
-3429841.016093039	-1599361.132058306
3429841.016093039	-1599361.132058306
3434221.4005324934	1601403.7388680866
-3434221.4005324934	1601403.7388680866
-3434221.4005324934	-1601403.7388680866
3434221.4005324934	-1601403.7388680866
3438601.7849719482	1603446.3456778673
-3438601.7849719482	1603446.3456778673
-3438601.7849719482	-1603446.3456778673
3438601.7849719482	-1603446.3456778673
3442982.169411403	1605488.952487648
-3442982.169411403	1605488.952487648
-3442982.169411403	-1605488.952487648
3442982.169411403	-1605488.952487648
3447362.5538508575	1607531.5592974287
-3447362.5538508575	1607531.5592974287
-3447362.5538508575	-1607531.5592974287
3447362.5538508575	-1607531.5592974287
3451742.9382903124	1609574.1661072094
-3451742.9382903124	1609574.1661072094
-3451742.9382903124	-1609574.1661072094
3451742.9382903124	-1609574.1661072094
3507154.2298838915	1627966.7915981705
-3507154.2298838915	1627966.7915981705
-3507154.2298838915	-1627966.7915981705
3507154.2298838915	-1627966.7915981705
3511538.172671246	1630001.7500876682
-3511538.172671246	1630001.7500876682
-3511538.172671246	-1630001.7500876682
3511538.172671246	-1630001.7500876682
3515922.1154586	1632036.7085771656
-3515922.1154586	1632036.7085771656
-3515922.1154586	-1632036.7085771656
3515922.1154586	-1632036.7085771656
3520306.058245956	1634071.6670666637
-3520306.058245956	1634071.6670666637
-3520306.058245956	-1634071.6670666637
3520306.058245956	-1634071.6670666637
3524690.001033311	1636106.6255561614
-3524690.001033311	1636106.6255561614
-3524690.001033311	-1636106.6255561614
3524690.001033311	-1636106.6255561614
3529073.943820665	1638141.5840456588
-3529073.943820665	1638141.5840456588
-3529073.943820665	-1638141.5840456588
3529073.943820665	-1638141.5840456588
3533457.88660802	1640176.5425351565
-3533457.88660802	1640176.5425351565
-3533457.88660802	-1640176.5425351565
3533457.88660802	-1640176.5425351565
3593352.4926430974	1660361.9517397722
-3593352.4926430974	1660361.9517397722
-3593352.4926430974	-1660361.9517397722
3593352.4926430974	-1660361.9517397722
3597739.9804241024	1662389.2557101503
-3597739.9804241024	1662389.2557101503
-3597739.9804241024	-1662389.2557101503
3597739.9804241024	-1662389.2557101503
3602127.468205107	1664416.5596805285
-3602127.468205107	1664416.5596805285
-3602127.468205107	-1664416.5596805285
3602127.468205107	-1664416.5596805285
3606514.9559861124	1666443.8636509068
-3606514.9559861124	1666443.8636509068
-3606514.9559861124	-1666443.8636509068
3606514.9559861124	-1666443.8636509068
3610902.4437671173	1668471.1676212852
-3610902.4437671173	1668471.1676212852
-3610902.4437671173	-1668471.1676212852
3610902.4437671173	-1668471.1676212852
3615289.9315481223	1670498.4715916633
-3615289.9315481223	1670498.4715916633
-3615289.9315481223	-1670498.4715916633
3615289.9315481223	-1670498.4715916633
3619677.4193291278	1672525.7755620417
-3619677.4193291278	1672525.7755620417
-3619677.4193291278	-1672525.7755620417
3619677.4193291278	-1672525.7755620417
3684065.2846598225	1694480.7083452484
-3684065.2846598225	1694480.7083452484
-3684065.2846598225	-1694480.7083452484
3684065.2846598225	-1694480.7083452484
3688456.3040694296	1696500.351620988
-3688456.3040694296	1696500.351620988
-3688456.3040694296	-1696500.351620988
3688456.3040694296	-1696500.351620988
3692847.3234790354	1698519.994896727
-3692847.3234790354	1698519.994896727
-3692847.3234790354	-1698519.994896727
3692847.3234790354	-1698519.994896727
3697238.3428886416	1700539.6381724663
-3697238.3428886416	1700539.6381724663
-3697238.3428886416	-1700539.6381724663
3697238.3428886416	-1700539.6381724663
3701629.362298249	1702559.281448206
-3701629.362298249	1702559.281448206
-3701629.362298249	-1702559.281448206
3701629.362298249	-1702559.281448206
3706020.381707855	1704578.9247239449
-3706020.381707855	1704578.9247239449
-3706020.381707855	-1704578.9247239449
3706020.381707855	-1704578.9247239449
3710411.4011174613	1706598.567999684
-3710411.4011174613	1706598.567999684
-3710411.4011174613	-1706598.567999684
3710411.4011174613	-1706598.567999684
3714802.4205270675	1708618.2112754234
-3714802.4205270675	1708618.2112754234
-3714802.4205270675	-1708618.2112754234
3714802.4205270675	-1708618.2112754234
3783696.927327511	1732311.7052972259
-3783696.927327511	1732311.7052972259
-3783696.927327511	-1732311.7052972259
3783696.927327511	-1732311.7052972259
3788091.464989912	1734323.6817261425
-3788091.464989912	1734323.6817261425
-3788091.464989912	-1734323.6817261425
3788091.464989912	-1734323.6817261425
3792486.0026523136	1736335.6581550592
-3792486.0026523136	1736335.6581550592
-3792486.0026523136	-1736335.6581550592
3792486.0026523136	-1736335.6581550592
3796880.540314715	1738347.634583976
-3796880.540314715	1738347.634583976
-3796880.540314715	-1738347.634583976
3796880.540314715	-1738347.634583976
3801275.077977116	1740359.6110128926
-3801275.077977116	1740359.6110128926
-3801275.077977116	-1740359.6110128926
3801275.077977116	-1740359.6110128926
3805669.6156395175	1742371.5874418092
-3805669.6156395175	1742371.5874418092
-3805669.6156395175	-1742371.5874418092
3805669.6156395175	-1742371.5874418092
3810064.153301919	1744383.5638707257
-3810064.153301919	1744383.5638707257
-3810064.153301919	-1744383.5638707257
3810064.153301919	-1744383.5638707257
3814458.6909643193	1746395.5402996421
-3814458.6909643193	1746395.5402996421
-3814458.6909643193	-1746395.5402996421
3814458.6909643193	-1746395.5402996421
3818853.228626721	1748407.516728559
-3818853.228626721	1748407.516728559
-3818853.228626721	-1748407.516728559
3818853.228626721	-1748407.516728559
3896665.6804036377	1775812.8595926815
-3896665.6804036377	1775812.8595926815
-3896665.6804036377	-1775812.8595926815
3896665.6804036377	-1775812.8595926815
3901063.7229323103	1777817.1630459465
-3901063.7229323103	1777817.1630459465
-3901063.7229323103	-1777817.1630459465
3901063.7229323103	-1777817.1630459465
3905461.765460982	1779821.4664992113
-3905461.765460982	1779821.4664992113
-3905461.765460982	-1779821.4664992113
3905461.765460982	-1779821.4664992113
3909859.8079896546	1781825.7699524763
-3909859.8079896546	1781825.7699524763
-3909859.8079896546	-1781825.7699524763
3909859.8079896546	-1781825.7699524763
3914257.8505183263	1783830.0734057408
-3914257.8505183263	1783830.0734057408
-3914257.8505183263	-1783830.0734057408
3914257.8505183263	-1783830.0734057408
3918655.893046999	1785834.3768590058
-3918655.893046999	1785834.3768590058
-3918655.893046999	-1785834.3768590058
3918655.893046999	-1785834.3768590058
3923053.9355756715	1787838.680312271
-3923053.9355756715	1787838.680312271
-3923053.9355756715	-1787838.680312271
3923053.9355756715	-1787838.680312271
3927451.978104343	1789842.9837655355
-3927451.978104343	1789842.9837655355
-3927451.978104343	-1789842.9837655355
3927451.978104343	-1789842.9837655355
3931850.020633015	1791847.2872188003
-3931850.020633015	1791847.2872188003
-3931850.020633015	-1791847.2872188003
3931850.020633015	-1791847.2872188003
3936248.0631616884	1793851.5906720655
-3936248.0631616884	1793851.5906720655
-3936248.0631616884	-1793851.5906720655
3936248.0631616884	-1793851.5906720655
4027403.607934838	1826911.30052384
-4027403.607934838	1826911.30052384
-4027403.607934838	-1826911.30052384
4027403.607934838	-1826911.30052384
4031805.1419325806	1828907.9248959967
-4031805.1419325806	1828907.9248959967
-4031805.1419325806	-1828907.9248959967
4031805.1419325806	-1828907.9248959967
4036206.6759303235	1830904.5492681542
-4036206.6759303235	1830904.5492681542
-4036206.6759303235	-1830904.5492681542
4036206.6759303235	-1830904.5492681542
4040608.209928067	1832901.1736403115
-4040608.209928067	1832901.1736403115
-4040608.209928067	-1832901.1736403115
4040608.209928067	-1832901.1736403115
4045009.7439258094	1834897.7980124685
-4045009.7439258094	1834897.7980124685
-4045009.7439258094	-1834897.7980124685
4045009.7439258094	-1834897.7980124685
4049411.277923553	1836894.4223846258
-4049411.277923553	1836894.4223846258
-4049411.277923553	-1836894.4223846258
4049411.277923553	-1836894.4223846258
4053812.811921296	1838891.046756783
-4053812.811921296	1838891.046756783
-4053812.811921296	-1838891.046756783
4053812.811921296	-1838891.046756783
4058214.3459190386	1840887.67112894
-4058214.3459190386	1840887.67112894
-4058214.3459190386	-1840887.67112894
4058214.3459190386	-1840887.67112894
4062615.879916781	1842884.295501097
-4062615.879916781	1842884.295501097
-4062615.879916781	-1842884.295501097
4062615.879916781	-1842884.295501097
4067017.4139145254	1844880.9198732548
-4067017.4139145254	1844880.9198732548
-4067017.4139145254	-1844880.9198732548
4067017.4139145254	-1844880.9198732548
4071418.947912268	1846877.5442454116
-4071418.947912268	1846877.5442454116
-4071418.947912268	-1846877.5442454116
4071418.947912268	-1846877.5442454116
4075820.4819100103	1848874.1686175687
-4075820.4819100103	1848874.1686175687
-4075820.4819100103	-1848874.1686175687
4075820.4819100103	-1848874.1686175687
4180356.443969948	1887503.3093271665
-4180356.443969948	1887503.3093271665
-4180356.443969948	-1887503.3093271665
4180356.443969948	-1887503.3093271665
4184761.4560289267	1889492.2485361523
-4184761.4560289267	1889492.2485361523
-4184761.4560289267	-1889492.2485361523
4184761.4560289267	-1889492.2485361523
4189166.4680879037	1891481.1877451374
-4189166.4680879037	1891481.1877451374
-4189166.4680879037	-1891481.1877451374
4189166.4680879037	-1891481.1877451374
4193571.4801468817	1893470.126954123
-4193571.4801468817	1893470.126954123
-4193571.4801468817	-1893470.126954123
4193571.4801468817	-1893470.126954123
4197976.49220586	1895459.0661631085
-4197976.49220586	1895459.0661631085
-4197976.49220586	-1895459.0661631085
4197976.49220586	-1895459.0661631085
4202381.504264837	1897448.0053720938
-4202381.504264837	1897448.0053720938
-4202381.504264837	-1897448.0053720938
4202381.504264837	-1897448.0053720938
4206786.516323815	1899436.9445810793
-4206786.516323815	1899436.9445810793
-4206786.516323815	-1899436.9445810793
4206786.516323815	-1899436.9445810793
4211191.528382793	1901425.8837900644
-4211191.528382793	1901425.8837900644
-4211191.528382793	-1901425.8837900644
4211191.528382793	-1901425.8837900644
4215596.540441771	1903414.82299905
-4215596.540441771	1903414.82299905
-4215596.540441771	-1903414.82299905
4215596.540441771	-1903414.82299905
4220001.552500749	1905403.7622080357
-4220001.552500749	1905403.7622080357
-4220001.552500749	-1905403.7622080357
4220001.552500749	-1905403.7622080357
4224406.564559726	1907392.7014170208
-4224406.564559726	1907392.7014170208
-4224406.564559726	-1907392.7014170208
4224406.564559726	-1907392.7014170208
4228811.576618704	1909381.640626006
-4228811.576618704	1909381.640626006
-4228811.576618704	-1909381.640626006
4228811.576618704	-1909381.640626006
4233216.588677683	1911370.5798349918
-4233216.588677683	1911370.5798349918
-4233216.588677683	-1911370.5798349918
4233216.588677683	-1911370.5798349918
4237621.60073666	1913359.5190439771
-4237621.60073666	1913359.5190439771
-4237621.60073666	-1913359.5190439771
4237621.60073666	-1913359.5190439771
4242026.612795637	1915348.4582529622
-4242026.612795637	1915348.4582529622
-4242026.612795637	-1915348.4582529622
4242026.612795637	-1915348.4582529622
4382025.84157128	1969360.4992369255
-4382025.84157128	1969360.4992369255
-4382025.84157128	-1969360.4992369255
4382025.84157128	-1969360.4992369255
4386434.318273063	1971341.7472240855
-4386434.318273063	1971341.7472240855
-4386434.318273063	-1971341.7472240855
4386434.318273063	-1971341.7472240855
4390842.794974844	1973322.9952112453
-4390842.794974844	1973322.9952112453
-4390842.794974844	-1973322.9952112453
4390842.794974844	-1973322.9952112453
4395251.271676626	1975304.2431984053
-4395251.271676626	1975304.2431984053
-4395251.271676626	-1975304.2431984053
4395251.271676626	-1975304.2431984053
4399659.748378408	1977285.4911855652
-4399659.748378408	1977285.4911855652
-4399659.748378408	-1977285.4911855652
4399659.748378408	-1977285.4911855652
4404068.22508019	1979266.739172725
-4404068.22508019	1979266.739172725
-4404068.22508019	-1979266.739172725
4404068.22508019	-1979266.739172725
4408476.701781971	1981247.9871598845
-4408476.701781971	1981247.9871598845
-4408476.701781971	-1981247.9871598845
4408476.701781971	-1981247.9871598845
